-57
400
532
771
310
429
390
-645
610
-196
500
-667
-919
816
-324
619
830
-514
-843
391
296
-641
-740
802
-298
154
256
633
-307
-954
-446
897
-290
647
-30
-597
-389
991
766
348
-351
311
-899
354
-995
170
-389
-713
-395
-952
957
307
59
-231
-839
662
416
-552
572
-706
-16
718
458
-96
186
-319
-414
-106
683
-358
-411
284
175
541
971
-531
-528
11
-578
648
742
-518
128
114
-584
189
-951
-247
-613
979
914
227
573
709
706
-663
-644
336
-1
-939
314
737
998
152
-648
141
128
653
85
-578
117
-812
-769
-546
577
738
462
412
-377
19
-595
423
241
547
215
-638
780
-653
-887
-170
-922
-856
957
823
-642
-436
748
-962
752
562
858
913
-761
626
702
182
466
529
856
241
-315
-297
-215
238
-185
771
209
-191
-714
939
-461
-413
327
76
96
-355
948
-524
562
13
443
-999
-488
271
575
-838
-604
-675
620
726
-31
-825
-88
-398
-167
511
-792
812
-483
-346
-343
756
-212
-641
412
-958
481
-113
571
972
-353
-93
-360
-588
474
-704
543
639
-812
319
634
394
-953
33
-174
-259
-608
563
-68
707
-239
-907
-762
45
262
-700
-393
103
-850
-890
-27
-868
-303
744
-374
-939
-650
-735
-844
346
-16
-786
837
20
876
-711
-968
775
-868
760
380
-91
787
327
-989
514
-147
131
-148
398
-706
-847
813
642
-923
-820
922
-191
-530
-197
-6
-759
-502
685
-504
-12
-668
463
268
847
518
302
518
-409
-617
420
66
-527
556
215
296
-449
234
833
496
-230
-588
-403
-289
-433
-111
138
-72
65
-765
357
-394
601
-404
53
648
100
185
-374
-824
-855
939
459
242
-866
-589
914
232
-533
222
-775
-855
-370
-62
-735
993
-799
-276
-239
-995
-190
584
-3
717
891
-308
769
-728
225
109
993
259
-73
958
898
780
527
15
570
177
-172
112
-272
-194
-916
-4
-592
818
154
501
-545
202
805
241
-993
350
-622
-886
-168
-859
661
158
856
978
-914
100
898
548
866
98
-886
998
-634
964
-223
243
-918
-158
829
309
275
-90
484
-767
-314
-498
-976
687
707
-510
-514
-694
-31
-548
526
-647
127
437
705
784
-693
-1000
-929
887
-81
-778
141
-724
677
-884
-756
154
-245
307
170
-179
542
743
-667
-485
-21
206
-758
639
-932
-926
642
-273
-526
390
557
-586
329
-767
-347
-838
-714
-400
-709
157
642
849
46
287
-608
571
249
-212
-842
-834
442
132
-349
970
-701
921
-104
324
-444
-716
-609
-633
806
768
656
25
375
-792
206
28
754
-915
903
325
619
97
12
-392
-471
796
-742
-469
396
188
968
987
-130
-753
270
-25
94
711
939
-839
-435
-50
-395
-37
-253
-41
-172
245
849
-496
-530
998
-992
-792
310
-689
821
-472
943
-864
232
-350
783
-676
219
-253
-435
752
-109
-37
273
267
396
-217
-347
454
308
262
519
17
356
-292
620
-947
916
-451
-815
827
-650
785
-464
-750
-32
-223
-625
231
-393
-335
902
-12
-210
-935
-659
140
-742
-899
989
451
695
-364
164
803
-813
300
818
595
180
115
-609
39
682
-208
-485
-461
-606
119
-381
-698
58
225
-555
-834
-758
913
-421
134
140
-80
898
-891
719
225
-622
317
431
83
328
-104
301
715
-92
-552
-950
-268
563
-285
-911
39
405
-826
-172
-155
-334
77
-18
-842
160
-837
-452
589
-528
-648
829
549
-367
124
-516
-65
53
-159
-431
-285
-618
85
-925
-744
259
-659
-826
-516
727
-377
-806
-893
-480
505
-357
822
951
111
-364
-650
888
-181
-104
322
-873
832
-257
264
458
6
-923
-546
-76
-52
-405
-99
-395
-498
-250
261
202
573
-916
-773
657
-818
-313
792
952
-573
-862
512
376
775
-583
369
639
-114
-135
852
839
-7
572
426
635
-474
-371
260
-155
195
920
-664
-738
929
221
-160
781
-975
0
796
-828
-310
451
679
640
-474
-524
51
474
287
-465
-415
-33
-39
-600
-889
-670
927
-792
614
-630
-229
-694
311
458
580
-337
630
558
121
-570
-259
305
170
-849
-827
620
-341
552
-325
225
-117
438
937
821
551
-488
263
25
106
865
-656
585
559
960
-266
929
864
383
-571
404
359
-684
-172
-21
-732
-7
-781
912
-584
481
941
65
392
-438
344
564
-226
-629
-252
-318
236
-213
314
-452
-15
522
-650
71
315
-872
734
-290
915
849
-553
-83
-354
-134
-92
-171
-917
-162
-924
25
-372
-507
742
40
335
514
-989
247
-102
395
-251
-411
336
-799
35
-248
-783
271
848
-865
-537
891
-112
75
834
225
59
816
726
16
728
319
-509
567
-57
-178
409
-464
-967
202
636
-190
-61
776
-475
72
-527
-992
-807
510
-498
913
-748
-57
-427
426
-800
-651
564
292
-487
-238
-290
29
690
-813
88
654
184
-82
-703
280
-551
726
339
-210
-266
-338
-390
929
-658
938
196
-90
-395
855
-329
-392
-492
831
-437
-679
330
-954
276
970
157
305
-657
859
-814
65
124
800
151
-689
-811
-804
980
-231
640
418
340
-529
-775
76
881
280
895
-128
255
-978
270
380
-858
-546
-801
-586
-698
-198
314
-265
-546
311
693
781
-155
-394
939
638
489
524
116
918
-646
-49
322
606
-232
541
48
47
677
-169
-819
-848
-1000
147
-556
-211
-714
-568
-364
823